Year,Value
2014-15,0.4
